<?xml version="1.0"?>
<opencv_storage>
<image_width>1200</image_width>
<image_height>1600</image_height>
<camera_matrix type_id="opencv-matrix">
  <rows>3</rows>
  <cols>3</cols>
  <dt>d</dt>
  <data>
    1.7186234566452219e+03 0. 600. 0. 1.6400848600398024e+03 800. 0. 0.
    1.</data></camera_matrix>
<distortion_coefficients type_id="opencv-matrix">
  <rows>1</rows>
  <cols>5</cols>
  <dt>d</dt>
  <data>
    1.5532084883969964e-03 -1.8295800816127999e-01 0. 0.
    -6.4202592030998915e-02</data></distortion_coefficients>
</opencv_storage>
